{
 "cells": [
  {
   "attachments": {},
   "cell_type": "markdown",
   "metadata": {},
   "source": [
    "Goal : Test the implementation of the isometries to unitaries functionality in `mps_circuit_helpers.py`"
   ]
  },
  {
   "cell_type": "code",
   "execution_count": 67,
   "metadata": {},
   "outputs": [
    {
     "name": "stdout",
     "output_type": "stream",
     "text": [
      "/Users/mushahid/Desktop/ProjectFInal\n"
     ]
    }
   ],
   "source": [
    "cd .."
   ]
  },
  {
   "cell_type": "code",
   "execution_count": 68,
   "metadata": {},
   "outputs": [
    {
     "data": {
      "text/plain": [
       "'/Users/mushahid/Desktop/ProjectFInal'"
      ]
     },
     "execution_count": 68,
     "metadata": {},
     "output_type": "execute_result"
    }
   ],
   "source": [
    "pwd"
   ]
  },
  {
   "cell_type": "code",
   "execution_count": 69,
   "metadata": {},
   "outputs": [],
   "source": [
    "import matplotlib.pyplot as plt\n",
    "import numpy as np\n",
    "import pennylane as qml\n",
    "import metrics\n",
    "\n",
    "from MPScumulant import MPS_c\n",
    "import mps_circuit_helpers\n",
    "import mps_circuit"
   ]
  },
  {
   "cell_type": "code",
   "execution_count": 70,
   "metadata": {},
   "outputs": [
    {
     "name": "stdout",
     "output_type": "stream",
     "text": [
      "The autoreload extension is already loaded. To reload it, use:\n",
      "  %reload_ext autoreload\n"
     ]
    }
   ],
   "source": [
    "%load_ext autoreload"
   ]
  },
  {
   "attachments": {},
   "cell_type": "markdown",
   "metadata": {},
   "source": [
    "Check the properties of the original trained MPS"
   ]
  },
  {
   "cell_type": "code",
   "execution_count": 71,
   "metadata": {},
   "outputs": [
    {
     "ename": "FileNotFoundError",
     "evalue": "[Errno 2] No such file or directory: 'BS-MPS'",
     "output_type": "error",
     "traceback": [
      "\u001b[0;31m---------------------------------------------------------------------------\u001b[0m",
      "\u001b[0;31mFileNotFoundError\u001b[0m                         Traceback (most recent call last)",
      "Cell \u001b[0;32mIn[71], line 2\u001b[0m\n\u001b[1;32m      1\u001b[0m m \u001b[39m=\u001b[39m MPS_c(\u001b[39m16\u001b[39m)\n\u001b[0;32m----> 2\u001b[0m m\u001b[39m.\u001b[39;49mloadMPS(\u001b[39m'\u001b[39;49m\u001b[39mBS-MPS\u001b[39;49m\u001b[39m'\u001b[39;49m)\n\u001b[1;32m      4\u001b[0m \u001b[39m# check the properties of the matrices in the MPS\u001b[39;00m\n\u001b[1;32m      5\u001b[0m \u001b[39mfor\u001b[39;00m i \u001b[39min\u001b[39;00m \u001b[39mrange\u001b[39m(\u001b[39mlen\u001b[39m(m\u001b[39m.\u001b[39mmatrices)):\n",
      "File \u001b[0;32m~/Desktop/ProjectFInal/UnsupGenModbyMPS/MPScumulant.py:367\u001b[0m, in \u001b[0;36mMPS_c.loadMPS\u001b[0;34m(self, srch_pwd)\u001b[0m\n\u001b[1;32m    365\u001b[0m \u001b[39mif\u001b[39;00m srch_pwd \u001b[39mis\u001b[39;00m \u001b[39mnot\u001b[39;00m \u001b[39mNone\u001b[39;00m:\n\u001b[1;32m    366\u001b[0m \toripwd \u001b[39m=\u001b[39m os\u001b[39m.\u001b[39mgetcwd()\n\u001b[0;32m--> 367\u001b[0m \tos\u001b[39m.\u001b[39;49mchdir(srch_pwd)\n\u001b[1;32m    368\u001b[0m \u001b[39mself\u001b[39m\u001b[39m.\u001b[39mbond_dimension \u001b[39m=\u001b[39m load(\u001b[39m'\u001b[39m\u001b[39mBondim.npy\u001b[39m\u001b[39m'\u001b[39m)\n\u001b[1;32m    369\u001b[0m \u001b[39mself\u001b[39m\u001b[39m.\u001b[39mspace_size \u001b[39m=\u001b[39m \u001b[39mlen\u001b[39m(\u001b[39mself\u001b[39m\u001b[39m.\u001b[39mbond_dimension)\n",
      "\u001b[0;31mFileNotFoundError\u001b[0m: [Errno 2] No such file or directory: 'BS-MPS'"
     ]
    }
   ],
   "source": [
    "m = MPS_c(16)\n",
    "m.loadMPS('BS-MPS')\n",
    "\n",
    "# check the properties of the matrices in the MPS\n",
    "for i in range(len(m.matrices)):\n",
    "    tn_core = m.matrices[i]\n",
    "    print(i, tn_core.shape)"
   ]
  },
  {
   "cell_type": "code",
   "execution_count": null,
   "metadata": {},
   "outputs": [
    {
     "name": "stdout",
     "output_type": "stream",
     "text": [
      "idx, core tensor shape, left isometry, right isometry\n",
      "0 (1, 2, 2) True True\n",
      "1 (2, 2, 4) True True\n",
      "2 (4, 2, 8) True True\n",
      "3 (8, 2, 15) True False\n",
      "4 (15, 2, 16) True False\n",
      "5 (16, 2, 16) True False\n",
      "6 (16, 2, 16) True False\n",
      "7 (16, 2, 15) True False\n",
      "8 (15, 2, 16) True False\n",
      "9 (16, 2, 16) True False\n",
      "10 (16, 2, 16) True False\n",
      "11 (16, 2, 15) True False\n",
      "12 (15, 2, 8) True False\n",
      "13 (8, 2, 4) True False\n",
      "14 (4, 2, 2) False False\n",
      "15 (2, 2, 1) False False\n"
     ]
    }
   ],
   "source": [
    "mps_circuit_helpers.are_isometries(m)"
   ]
  },
  {
   "attachments": {},
   "cell_type": "markdown",
   "metadata": {},
   "source": [
    "Somehow, 14 of the 16 core tensors are left isometries\n",
    "\n",
    "- does this have something to do with the left-canonicalization performed in the beginning and the training that follows - i guess this is to be found out ?"
   ]
  },
  {
   "cell_type": "code",
   "execution_count": null,
   "metadata": {},
   "outputs": [
    {
     "name": "stdout",
     "output_type": "stream",
     "text": [
      "padding the mps core tensors\n",
      "idx, shape of the padded tensor, updated bond dimension\n",
      "i = 1, (2, 2, 4), 2\n",
      "i = 2, (4, 2, 8), 4\n",
      "i = 3, (8, 2, 16), 8\n",
      "i = 4, (16, 2, 16), 16\n",
      "i = 5, (16, 2, 16), 16\n",
      "i = 6, (16, 2, 16), 16\n",
      "i = 7, (16, 2, 16), 16\n",
      "i = 8, (16, 2, 16), 16\n",
      "i = 9, (16, 2, 16), 16\n",
      "i = 10, (16, 2, 16), 16\n",
      "i = 11, (16, 2, 16), 16\n",
      "i = 12, (16, 2, 8), 16\n",
      "i = 13, (8, 2, 4), 8\n",
      "i = 14, (4, 2, 2), 4\n",
      "left canonicalizing the padded MPS\n",
      "bond: 0\n",
      "bond: 1\n",
      "bond: 2\n",
      "bond: 3\n",
      "bond: 4\n",
      "bond: 5\n",
      "bond: 6\n",
      "bond: 7\n",
      "bond: 8\n",
      "bond: 9\n",
      "bond: 10\n",
      "bond: 11\n",
      "bond: 12\n",
      "bond: 13\n",
      "bond: 14\n"
     ]
    }
   ],
   "source": [
    "%autoreload\n",
    "mps_unitaries = mps_circuit_helpers.get_mps_unitaries(m)"
   ]
  },
  {
   "cell_type": "code",
   "execution_count": null,
   "metadata": {},
   "outputs": [
    {
     "data": {
      "text/plain": [
       "[array([[-2.37179408e-16,  1.84889275e-32, -5.85482703e-32,\n",
       "         -1.00000000e+00],\n",
       "        [-5.01014152e-02,  2.22889592e-02,  9.98495393e-01,\n",
       "          1.18830240e-17],\n",
       "        [-9.74088684e-01, -2.21860076e-01, -4.39242802e-02,\n",
       "          2.31033777e-16],\n",
       "        [-2.20547238e-01,  9.74823732e-01, -3.28269267e-02,\n",
       "          5.23092632e-17]]),\n",
       " array([[-1.00000000e+00, -7.11478724e-22,  4.07515699e-23,\n",
       "         -5.46929266e-15, -8.43801773e-22, -7.65932089e-22,\n",
       "          2.18390886e-05,  3.16382712e-06],\n",
       "        [ 3.89945857e-06, -4.65959879e-01,  1.04360823e-02,\n",
       "          4.09033873e-01, -5.95060682e-01, -4.61213950e-01,\n",
       "          1.55959551e-01,  1.55964307e-01],\n",
       "        [-5.32875403e-10, -4.39511240e-01, -8.43399785e-01,\n",
       "          2.88816200e-02,  3.01458237e-01,  6.16072747e-02,\n",
       "         -2.16939307e-05, -1.86797722e-05],\n",
       "        [-1.72343287e-05, -7.98573632e-02, -1.32428689e-02,\n",
       "          1.01136192e-01, -1.39538175e-01, -1.16075837e-01,\n",
       "         -6.89289636e-01, -6.89314293e-01],\n",
       "        [-1.18295446e-10, -1.16427725e-02, -1.82680769e-01,\n",
       "         -8.64986802e-01, -3.93821126e-01, -2.51386028e-01,\n",
       "         -6.44079341e-06,  7.06766839e-06],\n",
       "        [ 5.79957612e-07,  7.59044657e-01, -4.64131490e-01,\n",
       "          2.55077020e-01, -1.45147516e-01, -3.48171976e-01,\n",
       "          2.31909112e-02,  2.32279593e-02],\n",
       "        [ 1.32057328e-05,  1.94847958e-05, -1.73854560e-05,\n",
       "         -1.01016862e-06, -1.23646061e-05, -3.41928176e-06,\n",
       "          7.07119931e-01, -7.07093630e-01],\n",
       "        [-4.07790834e-11,  8.39625959e-02, -1.99003052e-01,\n",
       "          9.14448400e-02, -5.99493064e-01,  7.65241123e-01,\n",
       "         -3.38457604e-06,  1.04738570e-05]]),\n",
       " array([[ 1.09220819e-05,  2.98500029e-01, -5.72283568e-01,\n",
       "         -9.31720061e-02, -1.03342957e-01,  6.27760663e-02,\n",
       "          1.64577338e-01,  1.53690720e-01,  1.32523809e-01,\n",
       "         -2.25789098e-01,  7.03705583e-02, -9.84190572e-02,\n",
       "          9.00005501e-02, -5.69616164e-01,  3.06001327e-01,\n",
       "         -2.57056276e-15],\n",
       "        [-1.23798274e-05, -6.01467100e-01, -3.41319507e-01,\n",
       "          1.31787145e-01, -2.74305830e-02, -6.14316065e-02,\n",
       "         -2.04285067e-02, -1.51055577e-02,  5.00975905e-02,\n",
       "         -6.30818131e-03, -6.76199463e-02, -2.74924331e-02,\n",
       "         -1.28217194e-01, -3.37935832e-01, -6.00566866e-01,\n",
       "         -3.14634205e-15],\n",
       "        [ 1.60394355e-05,  1.84662939e-01, -2.68877798e-01,\n",
       "         -1.92030247e-01,  2.47552632e-01,  6.17117163e-02,\n",
       "         -2.00218590e-01,  3.56432500e-01,  3.64274425e-01,\n",
       "          2.04088573e-01,  1.19365186e-01, -4.35013578e-01,\n",
       "         -3.06173531e-01,  3.43365093e-01, -1.87167786e-01,\n",
       "          2.05728891e-17],\n",
       "        [ 1.99293767e-06,  3.29461619e-01, -2.20221361e-01,\n",
       "          2.32921435e-02, -3.45288993e-01, -2.49333298e-01,\n",
       "          5.19282470e-02,  1.51120057e-01,  9.10993292e-02,\n",
       "         -3.41684530e-02, -5.49928601e-01,  4.41422408e-01,\n",
       "         -1.79141644e-01,  2.32208122e-01, -2.06725792e-01,\n",
       "          7.67401557e-17],\n",
       "        [-1.05595928e-05, -1.21569988e-01,  1.68672482e-01,\n",
       "          3.50353867e-01, -6.43425056e-01,  7.69737760e-02,\n",
       "         -1.20618180e-01,  1.40878325e-01,  2.62806497e-01,\n",
       "          4.34768449e-01,  1.79620418e-02, -1.97967439e-01,\n",
       "         -9.72608088e-02, -1.23558089e-01,  2.39531668e-01,\n",
       "         -4.42860125e-16],\n",
       "        [ 1.86780104e-05, -4.68529052e-02,  6.27196027e-02,\n",
       "          5.57495836e-01,  4.95020185e-01, -3.39022959e-01,\n",
       "          1.05387012e-01,  2.23021552e-01, -3.69592300e-02,\n",
       "          1.46365499e-03, -2.14029710e-01, -3.41503147e-02,\n",
       "         -3.22992336e-01, -1.33281297e-01,  3.03004659e-01,\n",
       "          3.48596337e-16],\n",
       "        [-1.58540871e-06,  2.00130174e-01, -1.00858035e-01,\n",
       "          8.12282204e-03,  5.25679803e-02, -6.83666851e-03,\n",
       "          6.20347412e-01, -4.92216188e-01, -4.66628723e-02,\n",
       "          4.60064311e-01, -1.23863343e-01, -2.65111943e-01,\n",
       "         -7.89750955e-02,  2.05905845e-03, -1.18690359e-01,\n",
       "         -3.93489290e-17],\n",
       "        [ 4.34515343e-06,  7.10006441e-02, -5.61459882e-02,\n",
       "          2.04392280e-02, -7.50750909e-02,  2.42216480e-01,\n",
       "          2.19905865e-01,  4.85758650e-01, -6.33997989e-01,\n",
       "          2.51675244e-01,  2.94198288e-01,  1.91485584e-01,\n",
       "         -1.97695386e-01, -1.56722034e-02, -1.22152786e-01,\n",
       "          7.11900313e-17],\n",
       "        [-7.93921242e-06, -3.96853047e-01, -9.69244223e-02,\n",
       "         -2.33805978e-01,  1.84257302e-01,  1.03056931e-01,\n",
       "          3.36686586e-01,  1.64546454e-01,  4.11754231e-01,\n",
       "          2.84795436e-01,  5.61010111e-02,  4.85375860e-01,\n",
       "          1.10116457e-01,  1.20173237e-01,  2.78368328e-01,\n",
       "          1.82101191e-16],\n",
       "        [-1.69376632e-05, -1.77860292e-01, -8.74952990e-02,\n",
       "         -3.82390772e-02, -1.13641986e-02, -1.54527535e-01,\n",
       "          1.03527299e-01,  3.65631415e-01, -2.20155265e-01,\n",
       "          9.12823656e-02, -3.79619254e-01, -3.69706908e-01,\n",
       "          6.52118596e-01,  1.64233810e-01,  3.17762626e-02,\n",
       "         -3.44756006e-16],\n",
       "        [-1.64719179e-06,  3.68157199e-01,  3.77906521e-01,\n",
       "          1.77348114e-01,  2.06169921e-01,  1.16677642e-01,\n",
       "          5.68545520e-02,  2.25887812e-01,  3.20365053e-01,\n",
       "          1.35493807e-01,  2.82437613e-02,  1.45615061e-01,\n",
       "          3.53386165e-01, -3.44218614e-01, -4.39835312e-01,\n",
       "          9.20985380e-17],\n",
       "        [-3.38632631e-06, -4.55674544e-02,  3.64558413e-01,\n",
       "         -5.77926393e-01, -1.00020421e-01, -5.67023647e-01,\n",
       "          9.71408672e-02,  1.64295266e-01, -1.56178110e-02,\n",
       "          6.58610728e-02,  2.82270160e-02, -1.03175219e-01,\n",
       "         -2.17657843e-01, -3.15564631e-01, -9.65461211e-03,\n",
       "          1.58168601e-16],\n",
       "        [ 5.00009624e-01,  7.26901472e-02, -1.56941453e-01,\n",
       "         -8.54571684e-02,  1.47535199e-01, -8.12425814e-02,\n",
       "         -4.07518486e-01, -1.35345374e-01, -1.43057722e-01,\n",
       "          4.05052538e-01, -8.05563323e-02,  1.47544669e-01,\n",
       "          8.54200571e-02, -1.56966953e-01,  7.26859063e-02,\n",
       "          5.00006018e-01],\n",
       "        [-4.99991383e-01,  5.96284866e-02, -1.54052762e-01,\n",
       "          1.82098573e-01, -7.24177277e-02, -4.26566419e-01,\n",
       "          3.13698747e-02, -3.89181147e-02,  3.56999360e-02,\n",
       "          3.04797708e-02,  4.26595291e-01,  7.24490917e-02,\n",
       "          1.82052712e-01,  1.54073435e-01, -5.95969016e-02,\n",
       "          4.99989472e-01],\n",
       "        [-4.99990375e-01,  7.27126295e-02, -1.56952850e-01,\n",
       "         -8.54552626e-02,  1.47556945e-01, -8.12441083e-02,\n",
       "         -4.07534048e-01, -1.35344434e-01, -1.43061644e-01,\n",
       "          4.05057458e-01, -8.05549291e-02,  1.47547399e-01,\n",
       "          8.54018315e-02, -1.56971876e-01,  7.26965678e-02,\n",
       "         -4.99993982e-01],\n",
       "        [-5.00008616e-01, -5.96052438e-02,  1.54038656e-01,\n",
       "         -1.82086942e-01,  7.24328716e-02,  4.26548885e-01,\n",
       "         -3.13743053e-02,  3.89206734e-02, -3.56989106e-02,\n",
       "         -3.04833177e-02, -4.26573984e-01, -7.24468629e-02,\n",
       "         -1.82065327e-01, -1.54068092e-01,  5.96033035e-02,\n",
       "          5.00010528e-01]]),\n",
       " array([[ 5.06739827e-04, -1.06451009e-02,  2.19713882e-02, ...,\n",
       "          8.81331255e-06,  1.75880007e-17,  1.42137055e-16],\n",
       "        [ 1.67573058e-03,  1.00011038e-01, -8.08148902e-02, ...,\n",
       "          2.32414949e-07, -1.04462557e-16, -1.75882420e-17],\n",
       "        [-2.79615850e-01,  2.40163228e-01, -2.22250276e-01, ...,\n",
       "         -3.55575695e-02,  2.65661946e-17, -5.87656977e-18],\n",
       "        ...,\n",
       "        [-4.95419967e-02,  1.07094736e-02, -8.67771329e-02, ...,\n",
       "          6.64117645e-01, -1.21536402e-20, -6.04868407e-18],\n",
       "        [-5.48798136e-18,  5.96376587e-17,  1.04655699e-16, ...,\n",
       "          2.61455839e-17,  1.00000000e+00, -1.80023420e-33],\n",
       "        [ 3.69190367e-18,  6.48841141e-19, -6.04995725e-18, ...,\n",
       "          2.75024880e-18, -1.99985478e-34,  1.00000000e+00]]),\n",
       " array([[ 0.19925185, -0.0047294 ,  0.14280803, ...,  0.06508583,\n",
       "         -0.66003368, -0.00938843],\n",
       "        [-0.16739576,  0.39676705, -0.0749937 , ...,  0.01903936,\n",
       "         -0.00460037,  0.67048484],\n",
       "        [ 0.08654998, -0.06219684, -0.52885507, ...,  0.02464543,\n",
       "          0.05227427,  0.0192303 ],\n",
       "        ...,\n",
       "        [-0.12827939, -0.02795373,  0.15651063, ...,  0.68237688,\n",
       "          0.06828748, -0.04655954],\n",
       "        [ 0.19829022, -0.00484283,  0.14261605, ..., -0.06519036,\n",
       "          0.6610919 ,  0.00943696],\n",
       "        [ 0.16767748, -0.39840913,  0.0748568 , ...,  0.01901297,\n",
       "         -0.00464064,  0.6700723 ]]),\n",
       " array([[-3.34744280e-04, -1.13684894e-01,  4.94282351e-02, ...,\n",
       "          2.38931004e-01,  5.95807886e-01,  6.15183357e-02],\n",
       "        [ 1.41640314e-01, -5.30140345e-02,  1.61659513e-01, ...,\n",
       "         -1.28654897e-01,  1.24567738e-01, -6.17711736e-01],\n",
       "        [-1.47075421e-01, -2.08099324e-01,  9.65673433e-02, ...,\n",
       "         -4.17238388e-02,  1.04017527e-03,  1.33293008e-02],\n",
       "        ...,\n",
       "        [ 5.54976837e-01, -2.03960863e-01, -2.48119732e-02, ...,\n",
       "          5.62188550e-01, -6.40708804e-02, -3.10963576e-02],\n",
       "        [ 3.66845903e-04,  1.13717812e-01, -4.94067619e-02, ...,\n",
       "          2.38999671e-01,  5.95887471e-01,  6.14763921e-02],\n",
       "        [ 1.41664353e-01, -5.29767676e-02,  1.61652982e-01, ...,\n",
       "          1.28669278e-01, -1.24568721e-01,  6.17738144e-01]]),\n",
       " array([[-6.87591159e-06,  2.13884800e-01,  1.66187262e-01, ...,\n",
       "          2.33970138e-01,  1.76508202e-01,  2.61143713e-01],\n",
       "        [-2.20763277e-06,  3.92387660e-03,  1.75083640e-01, ...,\n",
       "         -3.64542241e-02,  1.22663943e-02, -5.97800623e-02],\n",
       "        [-7.65210982e-06,  1.08387327e-01,  4.91684632e-02, ...,\n",
       "         -3.06583426e-02, -3.16114339e-02, -3.01554645e-02],\n",
       "        ...,\n",
       "        [ 5.00452484e-01,  2.84942000e-07,  5.01721969e-06, ...,\n",
       "          7.49275328e-01, -2.51688273e-01, -2.49808362e-01],\n",
       "        [ 5.00452406e-01,  2.18137593e-06, -6.14545318e-07, ...,\n",
       "         -2.64690199e-01,  6.85208268e-01, -2.40153664e-01],\n",
       "        [ 4.99547106e-01,  4.20728617e-06, -5.29167873e-06, ...,\n",
       "         -2.43570146e-01, -2.20939991e-01,  7.46004014e-01]]),\n",
       " array([[-2.68893777e-02,  1.18418672e-01, -4.72175557e-02, ...,\n",
       "          3.51594882e-06,  2.97751329e-17, -2.73262435e-17],\n",
       "        [-2.59658382e-04, -2.33587159e-01,  6.95575053e-02, ...,\n",
       "         -1.31403912e-06, -9.45228391e-17, -2.97758986e-17],\n",
       "        [-5.67613830e-02,  2.40977918e-01, -5.88570988e-03, ...,\n",
       "          1.01103305e-01, -3.22500573e-17,  9.22984359e-17],\n",
       "        ...,\n",
       "        [-2.71076085e-01, -2.67365360e-01, -3.00300860e-01, ...,\n",
       "          6.45180415e-01, -5.03544559e-17, -1.41829402e-17],\n",
       "        [-6.57068841e-17, -7.55857230e-17,  8.01768613e-17, ...,\n",
       "          4.09416110e-17,  1.00000000e+00, -6.10188621e-33],\n",
       "        [-8.97961526e-18, -4.51414505e-17, -8.49878153e-17, ...,\n",
       "          1.90711464e-17,  5.49780096e-33,  1.00000000e+00]]),\n",
       " array([[-0.06006308,  0.03485574, -0.3157138 , ..., -0.0095888 ,\n",
       "          0.63459149, -0.09772969],\n",
       "        [-0.36722327,  0.05221101,  0.02153899, ..., -0.05661008,\n",
       "          0.00659162, -0.57345431],\n",
       "        [ 0.15358716, -0.15528678, -0.12497029, ..., -0.07026746,\n",
       "          0.1393539 ,  0.01836397],\n",
       "        ...,\n",
       "        [-0.0240717 ,  0.03182899, -0.16338416, ...,  0.62441004,\n",
       "          0.06000782,  0.07734033],\n",
       "        [ 0.05926767, -0.03434442,  0.31624543, ..., -0.0099874 ,\n",
       "          0.63490203, -0.09758613],\n",
       "        [-0.36703967,  0.05159901,  0.02192817, ...,  0.05488786,\n",
       "         -0.0067235 ,  0.57334105]]),\n",
       " array([[ 0.31645482, -0.07586086, -0.10148111, ..., -0.02862935,\n",
       "         -0.67342864,  0.12360262],\n",
       "        [ 0.38088445,  0.02156037, -0.0732834 , ...,  0.01195494,\n",
       "          0.10960912,  0.61853345],\n",
       "        [-0.23876555,  0.16029379,  0.01336671, ...,  0.01271341,\n",
       "          0.00727037, -0.00643744],\n",
       "        ...,\n",
       "        [ 0.05752256, -0.1797476 , -0.14971429, ...,  0.65978495,\n",
       "         -0.01665055, -0.0540507 ],\n",
       "        [ 0.3164467 , -0.07573202, -0.10118074, ...,  0.02850739,\n",
       "          0.67344084, -0.12366722],\n",
       "        [-0.38080782, -0.02197755,  0.07315204, ...,  0.0124108 ,\n",
       "          0.10951698,  0.61846867]]),\n",
       " array([[-1.65692821e-06, -1.15187704e-01, -4.34942110e-01, ...,\n",
       "          9.82804924e-02,  3.42347397e-01,  5.92221005e-02],\n",
       "        [-1.39172144e-06,  3.02811868e-02, -4.78433094e-01, ...,\n",
       "          6.99059702e-02, -3.07227081e-02, -5.63286977e-02],\n",
       "        [ 2.87746083e-06,  4.46847806e-01, -1.26754541e-01, ...,\n",
       "         -7.36188236e-02,  1.21061812e-01,  9.11779820e-02],\n",
       "        ...,\n",
       "        [-4.98241245e-01,  1.55381462e-06, -4.88525816e-06, ...,\n",
       "          4.68599430e-01,  1.72237572e-01,  4.06190996e-01],\n",
       "        [ 4.98241216e-01, -5.35406543e-06, -4.25539244e-06, ...,\n",
       "         -3.66332190e-02,  6.75289136e-01, -9.28463294e-02],\n",
       "        [ 5.01752590e-01, -6.75204180e-06, -6.17439502e-06, ...,\n",
       "          3.31196757e-01, -2.28198932e-01,  7.03449684e-01]]),\n",
       " array([[-6.66671885e-01,  6.66661448e-01,  6.89129204e-07, ...,\n",
       "         -2.35671686e-01,  1.29733204e-16,  3.16402428e-18],\n",
       "        [ 6.66661353e-01,  6.66671980e-01, -1.43765520e-07, ...,\n",
       "         -5.74796147e-03,  3.16430202e-18, -1.29733218e-16],\n",
       "        [ 4.75358116e-07,  4.12911209e-07,  2.90838840e-01, ...,\n",
       "          2.94244700e-08, -6.81609494e-23, -6.14321200e-23],\n",
       "        ...,\n",
       "        [-1.66695972e-01,  1.66693248e-01,  1.04330991e-07, ...,\n",
       "          9.71254735e-01,  1.58237807e-17, -6.32945493e-18],\n",
       "        [ 9.17631592e-17, -9.17618689e-17,  1.53488572e-24, ...,\n",
       "          1.58237663e-17,  1.00000000e+00,  3.48426596e-33],\n",
       "        [ 9.17616725e-17,  9.17633556e-17,  1.36531295e-24, ...,\n",
       "          6.32942422e-18, -3.48422916e-33,  1.00000000e+00]]),\n",
       " array([[ 4.52282189e-01, -4.52259015e-01, -4.25370402e-08,\n",
       "         -7.80753382e-08,  2.63160570e-01,  3.55986678e-01,\n",
       "          9.20396204e-02, -9.59391914e-03, -1.62762318e-01,\n",
       "          3.09677747e-02,  3.16742672e-01, -2.77064478e-01,\n",
       "          5.44529162e-02, -2.96536883e-01,  5.44466228e-02,\n",
       "          2.96571023e-01],\n",
       "        [-4.52251843e-01, -4.52275039e-01,  1.31442446e-07,\n",
       "          1.31153052e-07,  8.64295357e-02,  3.30524996e-02,\n",
       "         -3.46234980e-01,  2.75874070e-01,  2.34369789e-01,\n",
       "          3.49525541e-01,  1.49233752e-01,  7.19829597e-02,\n",
       "         -2.96570999e-01, -5.44478379e-02, -2.96536894e-01,\n",
       "          5.44540936e-02],\n",
       "        [-4.52275016e-01,  4.52251847e-01, -6.77388516e-08,\n",
       "          1.76250371e-09,  3.14217760e-01,  4.17767869e-01,\n",
       "          7.71906392e-02,  1.27857751e-02, -1.69335139e-01,\n",
       "          6.64582996e-02,  3.82123385e-01, -3.16660251e-01,\n",
       "          3.76985723e-02,  1.21042173e-01,  3.76942258e-02,\n",
       "         -1.21056093e-01],\n",
       "        [-4.52259019e-01, -4.52282166e-01, -9.70187860e-08,\n",
       "         -6.32083503e-08, -7.78668986e-02, -7.59434147e-03,\n",
       "          4.11515526e-01, -3.22350928e-01, -2.87286408e-01,\n",
       "         -4.04664059e-01, -1.46407098e-01, -1.07962873e-01,\n",
       "         -1.21058641e-01,  3.76942416e-02, -1.21044670e-01,\n",
       "         -3.76985687e-02],\n",
       "        [-6.92015811e-08,  9.92259251e-08,  4.29085589e-01,\n",
       "         -5.86038310e-02,  8.12451135e-01, -2.35986203e-01,\n",
       "          1.39407576e-02, -5.21122866e-02,  5.51882502e-02,\n",
       "         -9.37655862e-02, -2.35286572e-01,  1.63025396e-01,\n",
       "          1.21199866e-08,  1.75950929e-08,  2.44903603e-08,\n",
       "         -2.18555774e-08],\n",
       "        [-3.12953915e-08,  8.84621281e-09,  5.56760724e-01,\n",
       "          4.96862999e-02, -2.35986193e-01,  6.87548783e-01,\n",
       "         -5.21189959e-02, -1.39407496e-02,  1.22700224e-01,\n",
       "         -5.51883243e-02, -2.87687985e-01,  2.35286525e-01,\n",
       "          4.57949873e-09,  2.58226879e-09,  1.51873134e-08,\n",
       "         -1.03016632e-08],\n",
       "        [ 7.59132768e-08, -4.79448032e-08,  4.37775999e-02,\n",
       "          5.58411443e-01,  1.39407259e-02, -5.21190201e-02,\n",
       "          6.86260225e-01,  2.35641389e-01,  2.34975714e-01,\n",
       "          2.88849514e-01,  5.50390420e-02,  1.23258107e-01,\n",
       "          1.89250698e-08, -1.33324726e-08, -4.25590530e-09,\n",
       "          3.05282535e-09],\n",
       "        [-3.35959972e-08, -4.85179229e-08,  6.31394103e-02,\n",
       "         -4.26935215e-01, -5.21122462e-02, -1.39407161e-02,\n",
       "          2.35641379e-01,  8.13739766e-01, -1.61863810e-01,\n",
       "         -2.34975715e-01, -9.32076553e-02, -5.50390176e-02,\n",
       "         -2.64494319e-08, -2.66383993e-09, -6.51083699e-09,\n",
       "          9.33564827e-09],\n",
       "        [-4.50773442e-09, -5.04308711e-08, -1.84118214e-01,\n",
       "         -4.06358968e-01,  5.51882843e-02,  1.22700257e-01,\n",
       "          2.34975696e-01, -1.61863796e-01,  8.00972913e-01,\n",
       "         -1.87920049e-01,  4.05267821e-02, -1.51473872e-01,\n",
       "         -2.52008531e-08, -5.92916887e-09, -1.18201871e-08,\n",
       "          1.52854486e-08],\n",
       "        [-2.97708908e-08,  5.23505182e-08,  1.46309582e-01,\n",
       "         -5.28740293e-01, -9.37655439e-02, -5.51882890e-02,\n",
       "          2.88849530e-01, -2.34975739e-01, -1.87920086e-01,\n",
       "          6.99027224e-01, -1.51480691e-01, -4.05267583e-02,\n",
       "         -1.14260649e-08,  4.47672343e-09,  1.48256094e-08,\n",
       "          2.94681607e-09],\n",
       "        [ 5.30752072e-08, -6.28926505e-08,  5.29215968e-01,\n",
       "         -1.40052351e-01, -2.35286526e-01, -2.87687945e-01,\n",
       "          5.50390618e-02, -9.32076827e-02,  4.05267376e-02,\n",
       "         -1.51480706e-01,  7.00315824e-01,  1.88264842e-01,\n",
       "         -7.24345622e-09, -2.02375197e-08,  1.09511023e-08,\n",
       "          1.61700542e-08],\n",
       "        [-6.51875510e-08, -1.71482031e-08, -4.05739373e-01,\n",
       "         -1.88921346e-01,  1.63025390e-01,  2.35286520e-01,\n",
       "          1.23258076e-01, -5.50389884e-02, -1.51473841e-01,\n",
       "         -4.05267204e-02,  1.88264868e-01,  7.99684324e-01,\n",
       "         -1.87993657e-08,  1.12799484e-08, -1.99147911e-08,\n",
       "         -2.99163806e-09],\n",
       "        [-2.13207531e-01, -2.13218443e-01,  1.95729346e-08,\n",
       "         -5.63730969e-09, -9.08117781e-03, -2.70037281e-02,\n",
       "         -6.92508205e-02,  4.93039342e-02,  5.61341275e-02,\n",
       "          5.84929733e-02, -2.99584421e-03,  3.81661045e-02,\n",
       "          9.42929593e-01,  1.77701221e-02, -5.70638414e-02,\n",
       "         -1.77721703e-02],\n",
       "        [ 2.13193908e-01, -2.13182987e-01,  1.20932280e-08,\n",
       "         -1.00936979e-08,  5.41465276e-02,  6.55186015e-02,\n",
       "         -1.57503120e-02,  2.37357801e-02, -6.96843540e-03,\n",
       "          3.76404200e-02,  6.93366733e-02, -4.19902022e-02,\n",
       "         -1.77703991e-02,  9.42943007e-01, -1.77683611e-02,\n",
       "          5.70635603e-02],\n",
       "        [-2.13182978e-01, -2.13193912e-01, -3.34762302e-09,\n",
       "          3.76685161e-08, -9.08011720e-03, -2.70006056e-02,\n",
       "         -6.92428732e-02,  4.92982801e-02,  5.61276790e-02,\n",
       "          5.84862686e-02, -2.99547743e-03,  3.81617079e-02,\n",
       "         -5.70638390e-02,  1.77680736e-02,  9.42942726e-01,\n",
       "         -1.77701215e-02],\n",
       "        [-2.13218447e-01,  2.13207522e-01,  2.12714868e-10,\n",
       "          2.75414901e-08, -5.41527639e-02, -6.55261503e-02,\n",
       "          1.57521141e-02, -2.37385051e-02,  6.96924708e-03,\n",
       "         -3.76447446e-02, -6.93446578e-02,  4.19950436e-02,\n",
       "          1.77724441e-02,  5.70635597e-02,  1.77704058e-02,\n",
       "          9.42929872e-01]]),\n",
       " array([[-0.42820857,  0.42816222,  0.59310222, -0.12197653, -0.07355273,\n",
       "          0.35766327, -0.07355271, -0.35766325],\n",
       "        [-0.42814029, -0.42818662, -0.12197751, -0.59313261, -0.35766331,\n",
       "         -0.0735571 , -0.35766321,  0.0735571 ],\n",
       "        [ 0.42818661, -0.42814027,  0.76445029, -0.07062008, -0.04258443,\n",
       "         -0.14204547, -0.04258442,  0.14204546],\n",
       "        [-0.42816222, -0.42820855,  0.07061646,  0.76442253, -0.14205494,\n",
       "          0.04258442, -0.1420549 , -0.04258442],\n",
       "        [-0.25818495, -0.2582129 ,  0.04258224, -0.14205494,  0.91433983,\n",
       "          0.02567872, -0.08566015, -0.02567871],\n",
       "        [ 0.25821287, -0.25818493, -0.14204547, -0.0425866 , -0.02568004,\n",
       "          0.91434116, -0.02568003,  0.08565883],\n",
       "        [-0.25818488, -0.25821283,  0.04258223, -0.1420549 , -0.08566015,\n",
       "          0.02567871,  0.91433988, -0.02567871],\n",
       "        [-0.25821285,  0.25818492,  0.14204546,  0.0425866 ,  0.02568004,\n",
       "          0.08565883,  0.02568003,  0.91434117]]),\n",
       " array([[ 0.50002705, -0.49997295,  0.49997295, -0.50002705],\n",
       "        [ 0.49997295,  0.83335437,  0.16664563, -0.16666366],\n",
       "        [-0.49997295,  0.16664563,  0.83335437,  0.16666366],\n",
       "        [ 0.50002705, -0.16666366,  0.16666366,  0.83331831]])]"
      ]
     },
     "execution_count": 9,
     "metadata": {},
     "output_type": "execute_result"
    }
   ],
   "source": [
    "mps_unitaries\n"
   ]
  },
  {
   "cell_type": "code",
   "execution_count": null,
   "metadata": {},
   "outputs": [
    {
     "name": "stdout",
     "output_type": "stream",
     "text": [
      "True\n",
      "True\n",
      "True\n",
      "True\n",
      "True\n",
      "True\n",
      "True\n",
      "True\n",
      "True\n",
      "True\n",
      "True\n",
      "True\n",
      "True\n",
      "True\n",
      "True\n"
     ]
    }
   ],
   "source": [
    "for unitary in mps_unitaries:\n",
    "    print(mps_circuit_helpers.is_unitary(unitary))"
   ]
  },
  {
   "cell_type": "code",
   "execution_count": null,
   "metadata": {},
   "outputs": [
    {
     "name": "stderr",
     "output_type": "stream",
     "text": [
      "/Library/Frameworks/Python.framework/Versions/3.11/lib/python3.11/site-packages/autograd/numpy/numpy_wrapper.py:77: VisibleDeprecationWarning: Creating an ndarray from ragged nested sequences (which is a list-or-tuple of lists-or-tuples-or ndarrays with different lengths or shapes) is deprecated. If you meant to do this, you must specify 'dtype=object' when creating the ndarray.\n",
      "  return _np.array(args, *array_args, **array_kwargs)\n"
     ]
    }
   ],
   "source": [
    "from pennylane import numpy as pnp\n",
    "mps_unitaries = pnp.array(mps_unitaries)\n",
    "\n"
   ]
  },
  {
   "cell_type": "code",
   "execution_count": null,
   "metadata": {},
   "outputs": [
    {
     "data": {
      "text/plain": [
       "[array([[-2.37179408e-16,  1.84889275e-32, -5.85482703e-32,\n",
       "         -1.00000000e+00],\n",
       "        [-5.01014152e-02,  2.22889592e-02,  9.98495393e-01,\n",
       "          1.18830240e-17],\n",
       "        [-9.74088684e-01, -2.21860076e-01, -4.39242802e-02,\n",
       "          2.31033777e-16],\n",
       "        [-2.20547238e-01,  9.74823732e-01, -3.28269267e-02,\n",
       "          5.23092632e-17]]),\n",
       " array([[-1.00000000e+00, -7.11478724e-22,  4.07515699e-23,\n",
       "         -5.46929266e-15, -8.43801773e-22, -7.65932089e-22,\n",
       "          2.18390886e-05,  3.16382712e-06],\n",
       "        [ 3.89945857e-06, -4.65959879e-01,  1.04360823e-02,\n",
       "          4.09033873e-01, -5.95060682e-01, -4.61213950e-01,\n",
       "          1.55959551e-01,  1.55964307e-01],\n",
       "        [-5.32875403e-10, -4.39511240e-01, -8.43399785e-01,\n",
       "          2.88816200e-02,  3.01458237e-01,  6.16072747e-02,\n",
       "         -2.16939307e-05, -1.86797722e-05],\n",
       "        [-1.72343287e-05, -7.98573632e-02, -1.32428689e-02,\n",
       "          1.01136192e-01, -1.39538175e-01, -1.16075837e-01,\n",
       "         -6.89289636e-01, -6.89314293e-01],\n",
       "        [-1.18295446e-10, -1.16427725e-02, -1.82680769e-01,\n",
       "         -8.64986802e-01, -3.93821126e-01, -2.51386028e-01,\n",
       "         -6.44079341e-06,  7.06766839e-06],\n",
       "        [ 5.79957612e-07,  7.59044657e-01, -4.64131490e-01,\n",
       "          2.55077020e-01, -1.45147516e-01, -3.48171976e-01,\n",
       "          2.31909112e-02,  2.32279593e-02],\n",
       "        [ 1.32057328e-05,  1.94847958e-05, -1.73854560e-05,\n",
       "         -1.01016862e-06, -1.23646061e-05, -3.41928176e-06,\n",
       "          7.07119931e-01, -7.07093630e-01],\n",
       "        [-4.07790834e-11,  8.39625959e-02, -1.99003052e-01,\n",
       "          9.14448400e-02, -5.99493064e-01,  7.65241123e-01,\n",
       "         -3.38457604e-06,  1.04738570e-05]]),\n",
       " array([[ 1.09220819e-05,  2.98500029e-01, -5.72283568e-01,\n",
       "         -9.31720061e-02, -1.03342957e-01,  6.27760663e-02,\n",
       "          1.64577338e-01,  1.53690720e-01,  1.32523809e-01,\n",
       "         -2.25789098e-01,  7.03705583e-02, -9.84190572e-02,\n",
       "          9.00005501e-02, -5.69616164e-01,  3.06001327e-01,\n",
       "         -2.57056276e-15],\n",
       "        [-1.23798274e-05, -6.01467100e-01, -3.41319507e-01,\n",
       "          1.31787145e-01, -2.74305830e-02, -6.14316065e-02,\n",
       "         -2.04285067e-02, -1.51055577e-02,  5.00975905e-02,\n",
       "         -6.30818131e-03, -6.76199463e-02, -2.74924331e-02,\n",
       "         -1.28217194e-01, -3.37935832e-01, -6.00566866e-01,\n",
       "         -3.14634205e-15],\n",
       "        [ 1.60394355e-05,  1.84662939e-01, -2.68877798e-01,\n",
       "         -1.92030247e-01,  2.47552632e-01,  6.17117163e-02,\n",
       "         -2.00218590e-01,  3.56432500e-01,  3.64274425e-01,\n",
       "          2.04088573e-01,  1.19365186e-01, -4.35013578e-01,\n",
       "         -3.06173531e-01,  3.43365093e-01, -1.87167786e-01,\n",
       "          2.05728891e-17],\n",
       "        [ 1.99293767e-06,  3.29461619e-01, -2.20221361e-01,\n",
       "          2.32921435e-02, -3.45288993e-01, -2.49333298e-01,\n",
       "          5.19282470e-02,  1.51120057e-01,  9.10993292e-02,\n",
       "         -3.41684530e-02, -5.49928601e-01,  4.41422408e-01,\n",
       "         -1.79141644e-01,  2.32208122e-01, -2.06725792e-01,\n",
       "          7.67401557e-17],\n",
       "        [-1.05595928e-05, -1.21569988e-01,  1.68672482e-01,\n",
       "          3.50353867e-01, -6.43425056e-01,  7.69737760e-02,\n",
       "         -1.20618180e-01,  1.40878325e-01,  2.62806497e-01,\n",
       "          4.34768449e-01,  1.79620418e-02, -1.97967439e-01,\n",
       "         -9.72608088e-02, -1.23558089e-01,  2.39531668e-01,\n",
       "         -4.42860125e-16],\n",
       "        [ 1.86780104e-05, -4.68529052e-02,  6.27196027e-02,\n",
       "          5.57495836e-01,  4.95020185e-01, -3.39022959e-01,\n",
       "          1.05387012e-01,  2.23021552e-01, -3.69592300e-02,\n",
       "          1.46365499e-03, -2.14029710e-01, -3.41503147e-02,\n",
       "         -3.22992336e-01, -1.33281297e-01,  3.03004659e-01,\n",
       "          3.48596337e-16],\n",
       "        [-1.58540871e-06,  2.00130174e-01, -1.00858035e-01,\n",
       "          8.12282204e-03,  5.25679803e-02, -6.83666851e-03,\n",
       "          6.20347412e-01, -4.92216188e-01, -4.66628723e-02,\n",
       "          4.60064311e-01, -1.23863343e-01, -2.65111943e-01,\n",
       "         -7.89750955e-02,  2.05905845e-03, -1.18690359e-01,\n",
       "         -3.93489290e-17],\n",
       "        [ 4.34515343e-06,  7.10006441e-02, -5.61459882e-02,\n",
       "          2.04392280e-02, -7.50750909e-02,  2.42216480e-01,\n",
       "          2.19905865e-01,  4.85758650e-01, -6.33997989e-01,\n",
       "          2.51675244e-01,  2.94198288e-01,  1.91485584e-01,\n",
       "         -1.97695386e-01, -1.56722034e-02, -1.22152786e-01,\n",
       "          7.11900313e-17],\n",
       "        [-7.93921242e-06, -3.96853047e-01, -9.69244223e-02,\n",
       "         -2.33805978e-01,  1.84257302e-01,  1.03056931e-01,\n",
       "          3.36686586e-01,  1.64546454e-01,  4.11754231e-01,\n",
       "          2.84795436e-01,  5.61010111e-02,  4.85375860e-01,\n",
       "          1.10116457e-01,  1.20173237e-01,  2.78368328e-01,\n",
       "          1.82101191e-16],\n",
       "        [-1.69376632e-05, -1.77860292e-01, -8.74952990e-02,\n",
       "         -3.82390772e-02, -1.13641986e-02, -1.54527535e-01,\n",
       "          1.03527299e-01,  3.65631415e-01, -2.20155265e-01,\n",
       "          9.12823656e-02, -3.79619254e-01, -3.69706908e-01,\n",
       "          6.52118596e-01,  1.64233810e-01,  3.17762626e-02,\n",
       "         -3.44756006e-16],\n",
       "        [-1.64719179e-06,  3.68157199e-01,  3.77906521e-01,\n",
       "          1.77348114e-01,  2.06169921e-01,  1.16677642e-01,\n",
       "          5.68545520e-02,  2.25887812e-01,  3.20365053e-01,\n",
       "          1.35493807e-01,  2.82437613e-02,  1.45615061e-01,\n",
       "          3.53386165e-01, -3.44218614e-01, -4.39835312e-01,\n",
       "          9.20985380e-17],\n",
       "        [-3.38632631e-06, -4.55674544e-02,  3.64558413e-01,\n",
       "         -5.77926393e-01, -1.00020421e-01, -5.67023647e-01,\n",
       "          9.71408672e-02,  1.64295266e-01, -1.56178110e-02,\n",
       "          6.58610728e-02,  2.82270160e-02, -1.03175219e-01,\n",
       "         -2.17657843e-01, -3.15564631e-01, -9.65461211e-03,\n",
       "          1.58168601e-16],\n",
       "        [ 5.00009624e-01,  7.26901472e-02, -1.56941453e-01,\n",
       "         -8.54571684e-02,  1.47535199e-01, -8.12425814e-02,\n",
       "         -4.07518486e-01, -1.35345374e-01, -1.43057722e-01,\n",
       "          4.05052538e-01, -8.05563323e-02,  1.47544669e-01,\n",
       "          8.54200571e-02, -1.56966953e-01,  7.26859063e-02,\n",
       "          5.00006018e-01],\n",
       "        [-4.99991383e-01,  5.96284866e-02, -1.54052762e-01,\n",
       "          1.82098573e-01, -7.24177277e-02, -4.26566419e-01,\n",
       "          3.13698747e-02, -3.89181147e-02,  3.56999360e-02,\n",
       "          3.04797708e-02,  4.26595291e-01,  7.24490917e-02,\n",
       "          1.82052712e-01,  1.54073435e-01, -5.95969016e-02,\n",
       "          4.99989472e-01],\n",
       "        [-4.99990375e-01,  7.27126295e-02, -1.56952850e-01,\n",
